(002;outbound;80;00001010)
(005;inbound;40;000110101101)
(006;outbound;80;00000111)
(009;outbound;80;000101110101)
(012;outbound;80;001001110101)
(014;outbound;80;00001111)
(015;outbound;80;001010101101)
(017;outbound;80;01010111)
(018;inbound;40;01011010)
(102;outbound;80;00001011)
(105;inbound;40;000110111110)
(106;outbound;80;00000111)
(109;outbound;80;000101110101)
(112;outbound;80;001001110101)
(114;outbound;80;00001110)
(115;outbound;80;001110111110)
(117;outbound;80;01010111)
(124;outbound;80;00001110)
(138;inbound;40;01011011)
(202;outbound;80;010010101101)
(205;outbound;80;00001110)
(206;outbound;80;00000111)
(207;outbound;80;00001110)
(209;outbound;80;000101110101)
(211;outbound;80;00001110)
(212;outbound;80;001101110101)
(214;outbound;80;00001110)
(216;outbound;80;01010111)
(217;outbound;80;00001110)
(218;inbound;40;01011010)
(324;outbound;80;00001110)